NKP,20190218,0.085,0.086,0.085,0.086,30000
NML,20190218,0.09,0.094,0.087,0.087,2084028
NMT,20190218,0.205,0.21,0.2,0.21,157078
NNW,20190218,0.115,0.115,0.115,0.115,34673
NOR,20190218,0.004,0.004,0.003,0.003,19754063
NOV,20190218,0.24,0.255,0.24,0.245,284529
NOX,20190218,0.4,0.43,0.4,0.42,54224
NSC,20190218,0.7,0.7,0.69,0.69,164038
NSR,20190218,1.89,1.895,1.86,1.885,1189486
NST,20190218,9.75,9.97,9.68,9.73,3141761
NTC,20190218,0.73,0.75,0.72,0.735,220352
NTD,20190218,0.47,0.495,0.47,0.47,526094
NTM,20190218,0.037,0.037,0.037,0.037,30555
88E,20190218,0.019,0.019,0.018,0.019,9178772
NTU,20190218,0.047,0.049,0.045,0.045,2865216
NUF,20190218,5.57,5.57,5.405,5.42,1324175
NUH,20190218,0.078,0.08,0.078,0.078,749244
NUS,20190218,0.23,0.23,0.23,0.23,2944
NVA,20190218,0.019,0.019,0.018,0.018,300000
NVL,20190218,1.855,1.92,1.855,1.91,24671
NVT,20190218,5.66,5.67,5.63,5.64,278918
NVU,20190218,0.095,0.096,0.095,0.095,77845
NVX,20190218,0.38,0.39,0.38,0.39,38320
NWC,20190218,0.012,0.012,0.01,0.01,482428
NWE,20190218,0.003,0.003,0.003,0.003,66682
NWF,20190218,0.18,0.18,0.18,0.18,25000
NWH,20190218,2.05,2.09,2.02,2.08,1840396
NWL,20190218,7.2,7.505,6.94,7.49,426184
NWS,20190218,18.06,18.27,17.99,18.24,147790
NXE,20190218,0.029,0.031,0.029,0.03,412134
NXT,20190218,6.98,7.15,6.95,7.14,1456299
NZM,20190218,0.495,0.505,0.472,0.5,236529
OBJ,20190218,0.018,0.018,0.017,0.018,408142
OCA,20190218,1.05,1.05,1.05,1.05,50000
OCC,20190218,0.15,0.15,0.13,0.135,330262
OCL,20190218,2.53,2.53,2.52,2.52,1791
ODA,20190218,0.15,0.15,0.15,0.15,33709
ODY,20190218,0.05,0.05,0.05,0.05,1082190
OEC,20190218,0.38,0.38,0.38,0.38,300
OEL,20190218,0.066,0.067,0.064,0.066,2597185
OEX,20190218,0.005,0.005,0.005,0.005,108500
OFX,20190218,1.79,1.82,1.77,1.795,135970
OGA,20190218,0.15,0.15,0.15,0.15,54000
OGC,20190218,4.45,4.58,4.44,4.56,322425
OGX,20190218,0.006,0.006,0.005,0.005,5305550
OKU,20190218,0.245,0.245,0.24,0.245,158408
OLI,20190218,0.031,0.032,0.031,0.031,266905
OMH,20190218,1.4,1.4,1.385,1.39,42487
OML,20190218,3.98,4.04,3.925,3.98,1075737
OMN,20190218,0.675,0.7,0.675,0.7,171608
ONE,20190218,0.485,0.485,0.485,0.485,100
ONX,20190218,0.16,0.16,0.15,0.15,307386
OOK,20190218,0.021,0.023,0.021,0.021,2106501
OOO,20190218,15.76,15.76,15.63,15.7,54203
OPH,20190218,2.48,2.5,2.48,2.49,179018
OPN,20190218,0.034,0.034,0.034,0.034,662478
OPT,20190218,0.75,0.75,0.69,0.695,87283
ORA,20190218,3.27,3.28,3.08,3.12,8972392
ORE,20190218,3.09,3.12,3.04,3.07,1206487
ORG,20190218,7.62,7.69,7.6,7.67,4809139
ORI,20190218,18.4,18.4,18.15,18.21,572991
ORR,20190218,0.235,0.235,0.235,0.235,6558
OSH,20190218,8.25,8.32,8.16,8.16,3969127
OSL,20190218,0.165,0.17,0.165,0.17,258626
OSP,20190218,0.105,0.11,0.105,0.105,111156
OTW,20190218,5,5,4.93,4.94,42220
OVH,20190218,0.58,0.6,0.58,0.59,124126
OVL,20190218,0.003,0.003,0.003,0.003,95000
OVN,20190218,0.27,0.27,0.27,0.27,75139
OVT,20190218,0.18,0.18,0.165,0.17,311479
OZF,20190218,18.52,18.52,18.52,18.52,13
OZL,20190218,10.25,10.41,10.15,10.19,1205723
OZR,20190218,11.55,11.62,11.55,11.62,1462
P2P,20190218,0.435,0.435,0.435,0.435,1382
PAA,20190218,0.042,0.042,0.036,0.039,3097676
PAB,20190218,0.024,0.024,0.023,0.023,1406295
PAC,20190218,5.91,5.91,5.62,5.63,22274
PAF,20190218,1.08,1.08,1.08,1.08,28800
PAI,20190218,1.075,1.08,1.062,1.08,422035
PAK,20190218,0.035,0.035,0.035,0.035,2000
PAN,20190218,0.45,0.455,0.44,0.44,291003
PAR,20190218,1.15,1.16,1.13,1.14,152335
PBP,20190218,1.54,1.545,1.525,1.525,115337
PBT,20190218,0.04,0.042,0.04,0.04,151035
PBX,20190218,0.017,0.017,0.017,0.017,75757
PCG,20190218,2.3,2.3,2.29,2.3,26261
PCH,20190218,0.002,0.002,0.002,0.002,1300001
PCK,20190218,0.051,0.056,0.046,0.046,6401333
PCL,20190218,0.002,0.002,0.002,0.002,132286631
PDL,20190218,8.33,8.42,8.22,8.25,601848
PDN,20190218,0.195,0.2,0.192,0.195,1000847
PEA,20190218,0.64,0.64,0.625,0.625,180004
PEK,20190218,0.026,0.026,0.026,0.026,23565
PEN,20190218,0.2,0.2,0.2,0.2,67462
PET,20190218,0.385,0.39,0.37,0.37,152065
PEX,20190218,0.43,0.435,0.42,0.435,365099
PFP,20190218,2.97,2.97,2.91,2.91,20971
PGC,20190218,0.48,0.485,0.47,0.48,20686089
PGF,20190218,1.155,1.155,1.15,1.15,142525
PGH,20190218,3.09,3.13,3.05,3.07,1251362
PGI,20190218,0.029,0.03,0.028,0.03,187317
PGM,20190218,0.07,0.072,0.07,0.07,37291
PGX,20190218,0.44,0.445,0.435,0.435,94965
PIA,20190218,1.125,1.135,1.12,1.135,107680
PIC,20190218,1.08,1.085,1.075,1.075,263301
PIL,20190218,0.016,0.016,0.013,0.014,1283892
PIN,20190218,0.175,0.175,0.175,0.175,20000
PIO,20190218,0.016,0.017,0.016,0.016,462787
PIQ,20190218,0.39,0.39,0.375,0.375,43909
PKO,20190218,0.015,0.015,0.015,0.015,160022
PL8,20190218,1,1.015,0.995,0.995,445380
PLG,20190218,1.16,1.162,1.16,1.16,2336704
PLL,20190218,0.1,0.1,0.097,0.097,401431
PLS,20190218,0.67,0.672,0.66,0.67,2578787
PM1,20190218,0.014,0.014,0.014,0.014,1111495
PM8,20190218,0.019,0.021,0.019,0.02,16462684
PMC,20190218,1.72,1.72,1.665,1.68,168196
PME,20190218,14.14,14.94,14.14,14.44,166039
PMV,20190218,15.85,15.85,15.54,15.55,127555
PMY,20190218,0.005,0.005,0.005,0.005,120000
PNC,20190218,2.98,3.02,2.95,2.98,81074
PNI,20190218,4.7,4.95,4.66,4.9,296254
PNL,20190218,0.135,0.135,0.13,0.13,247878
PNR,20190218,0.235,0.24,0.235,0.235,397892
PNV,20190218,0.695,0.695,0.685,0.685,416053
PNX,20190218,0.006,0.006,0.006,0.006,333000
PO3,20190218,3.85,3.85,3.6,3.6,7662
POD,20190218,0.061,0.063,0.056,0.056,110599
POH,20190218,0.004,0.004,0.003,0.003,1477500
POS,20190218,0.039,0.04,0.039,0.039,585609
POW,20190218,0.014,0.014,0.013,0.013,1411291
PPC,20190218,1,1.025,0.99,1,5371
PPE,20190218,2.42,2.42,2.26,2.35,298752
PPG,20190218,0.195,0.195,0.185,0.185,736476
PPH,20190218,3.15,3.18,3.12,3.15,54827
PPK,20190218,0.77,0.8,0.745,0.75,126894
PPL,20190218,0.035,0.035,0.035,0.035,472940
PPS,20190218,0.64,0.645,0.632,0.645,928540
PPT,20190218,35.74,35.88,35.44,35.54,95431
PRL,20190218,0.004,0.004,0.004,0.004,13813745
PRT,20190218,0.24,0.245,0.24,0.245,21734
PRU,20190218,0.405,0.435,0.405,0.43,5409789
PRX,20190218,0.065,0.065,0.06,0.06,951797
PSA,20190218,0.11,0.11,0.097,0.11,324466
PSC,20190218,0.021,0.021,0.02,0.02,103098
PSI,20190218,2.64,2.65,2.61,2.63,31531
PSQ,20190218,1.4,1.4,1.38,1.38,5807
PTB,20190218,0.64,0.65,0.63,0.64,61822
PTM,20190218,5,5.05,4.89,4.89,1015646
PTR,20190218,0.038,0.038,0.038,0.038,30000
PTX,20190218,0.072,0.072,0.071,0.071,199569
PUA,20190218,0.04,0.04,0.037,0.037,130460
PUR,20190218,0.037,0.037,0.035,0.036,1818835
PVD,20190218,0.019,0.019,0.019,0.019,93334
PVL,20190218,0.058,0.058,0.05,0.05,123686
PVS,20190218,1.55,1.55,1.55,1.55,200
PWH,20190218,3.56,3.64,3.56,3.58,131022
PXS,20190218,0.255,0.265,0.255,0.26,129803
PXX,20190218,0.063,0.063,0.059,0.059,189081
PYC,20190218,0.028,0.028,0.027,0.027,890968
QAG,20190218,5.98,5.98,5.98,5.98,1254
QAN,20190218,5.76,5.765,5.71,5.73,3884852
QAU,20190218,13.5,13.54,13.45,13.52,23228
QBE,20190218,11.3,11.38,11.28,11.32,4888301
QCB,20190218,8.3,8.3,8.3,8.3,120
QFY,20190218,0.007,0.007,0.007,0.007,181
QGL,20190218,0.002,0.002,0.002,0.002,328349
QHL,20190218,0.068,0.068,0.067,0.068,284682
QIP,20190218,1.61,1.64,1.61,1.615,30995
QMS,20190218,0.695,0.7,0.69,0.695,232772
QOZ,20190218,12.98,12.98,12.92,12.94,249396
QRE,20190218,6.36,6.38,6.36,6.38,20683
QRI,20190218,1.705,1.705,1.68,1.68,197775
QTG,20190218,0.008,0.009,0.008,0.009,31517
QTM,20190218,0.037,0.037,0.037,0.037,25000
QUB,20190218,2.82,2.84,2.81,2.83,2595056
QVE,20190218,1.055,1.07,1.05,1.07,267399
RAC,20190218,0.086,0.086,0.083,0.084,153047
RAN,20190218,0.025,0.025,0.025,0.025,121504
RAP,20190218,0.095,0.095,0.092,0.092,301745
RBL,20190218,1.015,1.015,0.99,1.005,1077586
RBR,20190218,0.016,0.017,0.016,0.017,2766674
RCB,20190218,20.3,20.37,20.3,20.3,1061
RCE,20190218,0.155,0.155,0.145,0.15,375650
RCT,20190218,3.06,3.07,3.03,3.07,20000
RDC,20190218,1.025,1.035,1.022,1.025,1586881
RDF,20190218,0.61,0.62,0.61,0.62,93895
RDH,20190218,2.79,2.8,2.79,2.8,9360
RDM,20190218,0.105,0.115,0.105,0.115,50000
RDV,20190218,28.05,28.09,27.98,27.98,5132
REA,20190218,78.1,78.9,77.34,78.68,240226
RED,20190218,0.13,0.132,0.125,0.13,3004330
REF,20190218,0.03,0.03,0.029,0.029,46520
REG,20190218,3.3,3.39,3.27,3.33,253986
REH,20190218,10.61,10.65,10.26,10.4,117760
RES,20190218,0.063,0.063,0.06,0.06,100000
REX,20190218,1.47,1.47,1.45,1.45,66120
REY,20190218,0.085,0.091,0.085,0.091,7239
RFF,20190218,2.22,2.23,2.19,2.19,190583
RFG,20190218,0.29,0.295,0.29,0.29,560256
RFN,20190218,0.005,0.005,0.005,0.005,669888
RFT,20190218,0.033,0.033,0.033,0.033,135375
RFX,20190218,0.079,0.083,0.077,0.077,455036
RGB,20190218,21.89,21.89,21.82,21.82,585
RGI,20190218,0.275,0.295,0.275,0.29,296369
RGP,20190218,0.073,0.074,0.07,0.074,370143
RGS,20190218,0.125,0.13,0.12,0.13,103999
RHC,20190218,58.91,59.99,58.75,59.83,352067
RHL,20190218,3.06,3.15,3.03,3.09,114991
RHP,20190218,1.6,1.74,1.59,1.7,4881051
RHT,20190218,0.074,0.078,0.073,0.074,1787709
RHY,20190218,0.14,0.14,0.135,0.135,54404
RIC,20190218,1.37,1.41,1.37,1.41,60255
RIM,20190218,0.006,0.006,0.006,0.006,2200000
RIO,20190218,92.21,93.5,92.12,92.6,1526067
RKN,20190218,0.69,0.69,0.68,0.68,24511
RLE,20190218,0.098,0.1,0.097,0.1,718071
RMC,20190218,0.535,0.535,0.535,0.535,28044
RMD,20190218,14.1,14.11,13.93,14.02,1280777
RMI,20190218,0.008,0.008,0.008,0.008,1485
RMP,20190218,0.079,0.079,0.076,0.076,2708423
RMS,20190218,0.605,0.62,0.6,0.62,6574304
RMX,20190218,0.005,0.005,0.005,0.005,580578
RMY,20190218,0.2,0.2,0.19,0.19,23520
RNE,20190218,0.085,0.09,0.085,0.09,94211
RNO,20190218,0.17,0.17,0.16,0.16,73116
RNT,20190218,0.046,0.046,0.046,0.046,13722
RNU,20190218,0.019,0.019,0.018,0.018,1109500
ROO,20190218,0.092,0.095,0.092,0.095,296421
RRL,20190218,5.47,5.57,5.46,5.54,2654275
RRS,20190218,0.001,0.001,0.001,0.001,500000
RSG,20190218,1.085,1.11,1.075,1.09,6162605
RSH,20190218,0.086,0.087,0.086,0.087,80582
RSM,20190218,20.85,20.9,20.85,20.9,517
RTR,20190218,0.05,0.05,0.047,0.05,588807
RUL,20190218,0.6,0.6,0.57,0.57,64332
RVR,20190218,0.165,0.165,0.16,0.165,558197
RVS,20190218,1.72,1.72,1.715,1.715,57500
RWC,20190218,5,5.01,4.915,4.94,2398790
RXH,20190218,0.004,0.004,0.004,0.004,53369
RXL,20190218,0.008,0.008,0.008,0.008,371464
RXM,20190218,0.075,0.078,0.075,0.078,232547
RXP,20190218,0.52,0.52,0.515,0.515,64698
RYD,20190218,1.25,1.25,1.25,1.25,10000
RZI,20190218,0.5,0.505,0.5,0.5,92746
S2R,20190218,0.076,0.076,0.07,0.071,178168
S32,20190218,3.85,3.86,3.8,3.85,21038551
S3R,20190218,0.003,0.003,0.003,0.003,1200000
S66,20190218,0.625,0.625,0.605,0.605,8497
SAR,20190218,3.22,3.34,3.2,3.22,4798475
SBB,20190218,0.012,0.015,0.012,0.014,1375000
SBM,20190218,5.15,5.19,5.09,5.13,2090323
SBR,20190218,0.005,0.005,0.005,0.005,36
SBW,20190218,0.29,0.3,0.29,0.3,50725
SCG,20190218,4.02,4.02,3.95,3.99,9758270
SCI,20190218,0.011,0.011,0.011,0.011,159080
SCP,20190218,2.5,2.52,2.48,2.51,3327653
SCT,20190218,0.15,0.15,0.14,0.145,178391
SCU,20190218,0.02,0.02,0.02,0.02,49469
SDA,20190218,3.26,3.33,3.2,3.33,879964
SDF,20190218,3.07,3.07,2.99,3,1176567
SDG,20190218,1.53,1.53,1.53,1.53,4974
SDI,20190218,0.875,0.88,0.815,0.815,165537
SDV,20190218,0.07,0.07,0.066,0.067,333438
SE1,20190218,0.11,0.11,0.105,0.11,232554
SEA,20190218,0.4,0.41,0.395,0.4,3234101
SEC,20190218,1.71,1.72,1.7,1.72,109491
SEI,20190218,0.021,0.023,0.021,0.023,1077380
SEK,20190218,17.06,17.22,16.78,16.8,1244558
SEN,20190218,0.073,0.073,0.073,0.073,395380
SEQ,20190218,0.265,0.265,0.265,0.265,31306
SFC,20190218,14.49,14.55,14.49,14.49,1924
SFG,20190218,0.115,0.115,0.115,0.115,207925
SFR,20190218,8.1,8.34,8.02,8.18,1221322
SFY,20190218,55.72,56.2,55.72,55.99,4207
SGF,20190218,2.68,2.73,2.585,2.62,474298
SGH,20190218,2.3,2.35,2.3,2.32,2821
SGI,20190218,0.145,0.145,0.145,0.145,160000
SGM,20190218,11.39,11.41,11.12,11.15,692881
SGP,20190218,3.76,3.77,3.73,3.76,6525150
SGQ,20190218,0.145,0.15,0.145,0.15,335875
SGR,20190218,4.6,4.64,4.57,4.58,2047796
SHH,20190218,0.006,0.006,0.006,0.006,59990
SHJ,20190218,0.65,0.67,0.645,0.665,110438
SHL,20190218,23.89,23.93,23.57,23.65,991692
SHM,20190218,0.55,0.575,0.55,0.57,156514
SHO,20190218,0.08,0.08,0.07,0.07,462565
SHV,20190218,6.12,6.25,6.12,6.2,103029
SI6,20190218,0.004,0.004,0.004,0.004,726437
SIG,20190218,0.595,0.6,0.59,0.595,1182376
SIH,20190218,0.014,0.014,0.014,0.014,135882
SIL,20190218,0.305,0.305,0.3,0.3,1124354
SIQ,20190218,9.8,9.8,8.75,8.9,1845957
SIS,20190218,0.073,0.073,0.072,0.073,47324
SIV,20190218,1.84,1.85,1.775,1.805,34569
SKC,20190218,3.71,3.72,3.66,3.68,240146
SKF,20190218,0.15,0.15,0.145,0.145,72359
SKI,20190218,2.26,2.27,2.23,2.25,6150263
SKO,20190218,3.05,3.05,3.03,3.03,6324
SKT,20190218,1.75,1.75,1.672,1.71,242005
SL1,20190218,0.017,0.017,0.017,0.017,130000
SLC,20190218,1.54,1.56,1.52,1.56,455254
SLF,20190218,13.6,13.61,13.51,13.58,24161
SLK,20190218,4.01,4.05,3.98,4.05,10000
SLR,20190218,0.625,0.65,0.625,0.65,3558611
SLX,20190218,0.255,0.26,0.245,0.245,197643
SLZ,20190218,0.11,0.115,0.105,0.11,280500
SM1,20190218,9.41,9.44,9.3,9.41,62836
SM8,20190218,0.019,0.024,0.019,0.023,888481
SMI,20190218,0.005,0.006,0.005,0.005,5778361
SMN,20190218,0.955,0.955,0.925,0.925,115507
SMP,20190218,0.19,0.19,0.185,0.185,10286
SMR,20190218,1.095,1.13,1.095,1.115,279087
SMX,20190218,0.26,0.26,0.26,0.26,843
SNC,20190218,0.855,0.855,0.85,0.85,15000
SND,20190218,0.355,0.36,0.355,0.355,10802
SNL,20190218,3.92,3.93,3.92,3.93,1203
SNS,20190218,0.08,0.08,0.079,0.08,159515
SNZ,20190218,6.04,6.04,6.04,6.04,215
SO4,20190218,0.475,0.48,0.475,0.477,87744
SOL,20190218,29.42,29.66,28.98,29.21,312288
SOM,20190218,1.63,1.63,1.625,1.63,38794
SOR,20190218,0.039,0.039,0.035,0.035,585808
SP3,20190218,0.16,0.16,0.16,0.16,2112
SPK,20190218,3.93,3.93,3.895,3.9,958507
SPL,20190218,1.09,1.092,1.07,1.08,175924
SPO,20190218,1.6,1.6,1.6,1.6,12566
SPQ,20190218,0.005,0.005,0.005,0.005,50000
SPT,20190218,0.855,0.87,0.79,0.795,3473442
SPX,20190218,0.005,0.005,0.005,0.005,249689
SPY,20190218,389.19,389.19,388.15,388.15,88
SPZ,20190218,0.115,0.115,0.115,0.115,261864
SRG,20190218,0.48,0.48,0.475,0.48,97059
SRI,20190218,0.008,0.008,0.008,0.008,2269596
SRN,20190218,0.004,0.004,0.004,0.004,148249
SRO,20190218,0.001,0.001,0.001,0.001,2780670
SRS,20190218,0.066,0.067,0.066,0.066,1800438
SRV,20190218,3.05,3.14,3.05,3.08,40953
SRZ,20190218,0.013,0.013,0.013,0.013,1084
SSG,20190218,0.33,0.345,0.33,0.345,120833
SSM,20190218,1.99,2.07,1.885,2.03,6959900
SSO,20190218,14.63,14.63,14.63,14.63,1999
ST1,20190218,0.14,0.15,0.14,0.145,64793
STA,20190218,0.1,0.1,0.1,0.1,1023830
STG,20190218,1.39,1.39,1.35,1.35,70142
STM,20190218,0.032,0.032,0.03,0.03,355000
STN,20190218,0.2,0.2,0.2,0.2,43150
STO,20190218,6.81,6.855,6.78,6.79,3718177
STW,20190218,57.07,57.15,56.82,56.87,75445
STX,20190218,0.067,0.067,0.065,0.066,577157
SUD,20190218,0.006,0.006,0.005,0.005,255000
SUH,20190218,0.031,0.031,0.031,0.031,11760
SUL,20190218,7.78,8,7.76,7.85,843126
SUN,20190218,13.2,13.23,12.99,13.07,2114163
SUR,20190218,0.004,0.004,0.004,0.004,500000
SVH,20190218,0.013,0.013,0.013,0.013,150000
SVL,20190218,0.06,0.062,0.059,0.061,2397023
SVM,20190218,0.073,0.073,0.073,0.073,233810
SVT,20190218,0.013,0.013,0.013,0.013,45053
SVW,20190218,17.47,17.47,16.935,17.08,733217
SVY,20190218,0.28,0.33,0.275,0.32,1087813
SW1,20190218,0.27,0.28,0.26,0.27,184943
SWF,20190218,0.063,0.063,0.063,0.063,50000
SWK,20190218,0.22,0.22,0.217,0.22,391575
SWM,20190218,0.56,0.58,0.56,0.565,3545166
SXE,20190218,0.65,0.65,0.62,0.64,46362
SXL,20190218,1.145,1.145,1.12,1.14,751223
SXX,20190218,0.005,0.005,0.005,0.005,20000
SXY,20190218,0.37,0.375,0.36,0.365,6808637
SYA,20190218,0.022,0.023,0.022,0.023,502687
SYD,20190218,6.96,6.97,6.9,6.91,3023703
SYI,20190218,27.62,27.66,27.62,27.62,2684
SYR,20190218,1.355,1.355,1.322,1.33,1469163
SYT,20190218,0.006,0.006,0.006,0.006,53000
TAH,20190218,4.53,4.56,4.51,4.52,4652508
TAM,20190218,0.045,0.045,0.045,0.045,25000
TAP,20190218,0.09,0.09,0.09,0.09,40442
TAR,20190218,0.064,0.064,0.064,0.064,4689
TAS,20190218,0.048,0.048,0.048,0.048,25609
TBH,20190218,0.038,0.038,0.036,0.036,185284
TBL,20190218,0.008,0.008,0.008,0.008,28166
TBR,20190218,3.95,3.95,3.88,3.95,2990
TCL,20190218,12.29,12.29,12.145,12.18,3396976
TDL,20190218,0.043,0.043,0.041,0.041,37856
TDO,20190218,0.1,0.11,0.1,0.1,505560
TEG,20190218,0.125,0.125,0.115,0.125,699171
TEK,20190218,0.22,0.22,0.215,0.22,935898
TER,20190218,0.58,0.6,0.57,0.6,432421
TGA,20190218,0.46,0.48,0.46,0.48,62927
TGF,20190218,2.46,2.47,2.44,2.44,38542
TGG,20190218,1.3,1.3,1.285,1.29,360918
TGN,20190218,0.25,0.26,0.24,0.26,89734
TGP,20190218,1.03,1.035,1.02,1.035,107715
TGR,20190218,4.84,4.925,4.79,4.85,1575448
THC,20190218,0.575,0.59,0.57,0.57,139176
THR,20190218,0.021,0.021,0.017,0.017,195944
THX,20190218,0.012,0.012,0.012,0.012,41666
TIA,20190218,0.56,0.56,0.56,0.56,300
TIE,20190218,0.093,0.097,0.093,0.097,160086
TKM,20190218,0.007,0.007,0.007,0.007,4000
TLG,20190218,0.385,0.39,0.375,0.375,131567
TLM,20190218,0.225,0.225,0.22,0.22,648745
TLS,20190218,3.19,3.215,3.18,3.21,22800705
TLX,20190218,0.725,0.725,0.7,0.7,53536
TME,20190218,6.14,6.15,6.125,6.15,347718
TMR,20190218,0.235,0.235,0.23,0.23,20057
TMT,20190218,0.275,0.29,0.27,0.28,418474
TNE,20190218,7.37,7.4,7.33,7.38,550604
TNG,20190218,0.105,0.105,0.1,0.105,193905
TNK,20190218,1.8,1.82,1.8,1.8,30731
TNO,20190218,0.11,0.11,0.105,0.105,302826
TNR,20190218,0.025,0.025,0.025,0.025,240000
TNY,20190218,0.39,0.395,0.39,0.395,5000
TOE,20190218,0.025,0.026,0.025,0.025,397951
TOP,20190218,0.645,0.645,0.635,0.64,78182
TOT,20190218,1.2,1.2,1.2,1.2,92429
TOU,20190218,0.1,0.1,0.097,0.097,69614
TPD,20190218,0.003,0.003,0.003,0.003,7920
TPE,20190218,1.08,1.08,1.05,1.05,22999
TPM,20190218,6.69,6.87,6.58,6.84,2291030
TPP,20190218,0.12,0.12,0.12,0.12,16542
TRL,20190218,0.003,0.003,0.003,0.003,550000
TRS,20190218,2.76,2.76,2.74,2.74,106711
TRY,20190218,0.105,0.105,0.1,0.105,915105
TSC,20190218,0.005,0.006,0.005,0.006,810671
TSL,20190218,0.015,0.015,0.015,0.015,726919
TSN,20190218,0.007,0.008,0.007,0.008,1020100
TTB,20190218,0.031,0.031,0.031,0.031,118996
TTI,20190218,0.03,0.03,0.029,0.029,736849
TTL,20190218,0.018,0.018,0.018,0.018,739590
TTT,20190218,2.12,2.12,2.07,2.07,52868
TV2,20190218,0.007,0.008,0.007,0.007,12455364
TWD,20190218,3.61,3.61,3.61,3.61,4800
TWE,20190218,16.09,16.23,15.46,15.5,5658167
TWR,20190218,0.695,0.695,0.695,0.695,840
TYM,20190218,0.37,0.39,0.37,0.39,372787
TYX,20190218,0.007,0.007,0.007,0.007,634087
TZL,20190218,0.255,0.255,0.255,0.255,686
TZN,20190218,0.09,0.095,0.09,0.095,251968
UBA,20190218,20.28,20.42,20.28,20.42,3146
UBE,20190218,21.29,21.29,21.29,21.29,44
UBI,20190218,0.245,0.245,0.23,0.23,158728
UBP,20190218,25.01,25.2,25.01,25.2,343
UBU,20190218,28.69,28.69,28.69,28.69,35
UBW,20190218,26.07,26.07,26.03,26.03,414
UCM,20190218,0.13,0.13,0.13,0.13,366
UNL,20190218,0.02,0.02,0.02,0.02,110535
UNV,20190218,0.345,0.35,0.34,0.34,532495
URB,20190218,0.92,0.92,0.915,0.92,44103
URF,20190218,1.24,1.24,1.215,1.22,9781
URW,20190218,11.42,11.48,11.41,11.46,1065293
USD,20190218,13.72,13.72,13.68,13.69,37863
UTR,20190218,0.006,0.006,0.005,0.006,4913634
UWL,20190218,0.195,0.2,0.185,0.19,299577
VAE,20190218,63.82,63.95,63.5,63.76,5240
VAF,20190218,49.96,49.96,49.9,49.91,31760
VAH,20190218,0.195,0.2,0.195,0.2,313726
VAN,20190218,0.15,0.155,0.145,0.155,176020
VAP,20190218,85.89,86,85.01,85.7,16531
VAS,20190218,77.54,77.75,77.2,77.75,47538
VCF,20190218,47.35,47.35,47.35,47.35,984
VCX,20190218,2.54,2.545,2.51,2.53,13193318
VEA,20190218,2.34,2.34,2.27,2.29,4363278
VEE,20190218,0.49,0.49,0.49,0.49,24000
VEQ,20190218,52.83,53.16,52.83,52.88,3281
VEU,20190218,68.98,69.18,68.86,68.95,12749
VG1,20190218,2.49,2.5,2.48,2.49,135866
VGB,20190218,50.58,50.61,50.52,50.53,103443
VGE,20190218,64.2,64.5,64,64.13,18845
VGS,20190218,70.53,70.59,70.34,70.41,39989
VHT,20190218,1.06,1.065,1.045,1.045,193393
VHY,20190218,56.25,56.63,56.25,56.42,19724
VIF,20190218,48.15,48.32,48.15,48.3,5590
VIV,20190218,0.027,0.027,0.026,0.026,231000
VKA,20190218,0.012,0.012,0.012,0.012,500000
VLC,20190218,62.37,62.49,62.37,62.49,1735
VLT,20190218,0.18,0.2,0.17,0.2,273782
VLW,20190218,1.97,2.02,1.955,1.97,303918
VMC,20190218,0.125,0.125,0.125,0.125,7157
VMG,20190218,0.001,0.001,0.001,0.001,350960
VML,20190218,0.007,0.007,0.007,0.007,1318296
VMS,20190218,0.019,0.025,0.019,0.024,1442613
VMT,20190218,0.063,0.063,0.063,0.063,16070
VMX,20190218,0.23,0.23,0.215,0.215,30728
VMY,20190218,0.06,0.064,0.06,0.064,2295523
VN8,20190218,0.105,0.105,0.1,0.1,53031
VOC,20190218,3.65,3.69,3.61,3.61,1749830
VRC,20190218,0.023,0.024,0.023,0.023,1270826
VRL,20190218,3.23,3.35,3.23,3.34,136451
VRM,20190218,0.016,0.017,0.016,0.017,241621
VRS,20190218,0.078,0.078,0.074,0.074,933823
VRT,20190218,4.22,4.22,4.17,4.17,88086
VRX,20190218,0.105,0.105,0.105,0.105,30000
VSO,20190218,55.55,55.78,55.43,55.43,3426
VTG,20190218,1.4,1.425,1.32,1.32,681861
VTH,20190218,0.915,0.925,0.915,0.92,50000
VTI,20190218,0.14,0.145,0.135,0.135,11819
VTS,20190218,200,200.41,199.57,199.92,8900
VVR,20190218,2.45,2.45,2.39,2.4,1253551
VXR,20190218,0.245,0.25,0.245,0.245,357002
WAA,20190218,0.98,0.995,0.98,0.995,12296
WAF,20190218,0.25,0.255,0.245,0.25,2614807
WAM,20190218,2.16,2.17,2.15,2.16,389783
WAX,20190218,1.35,1.35,1.325,1.325,198739
WBA,20190218,1.6,1.61,1.59,1.6,71833
WBC,20190218,26.3,26.48,26.18,26.28,4448409
WBE,20190218,0.004,0.004,0.004,0.004,2169900
WCN,20190218,0.009,0.009,0.009,0.009,2160840
WEB,20190218,11.77,11.97,11.62,11.69,592297
WEL,20190218,0.021,0.021,0.021,0.021,73002
WES,20190218,33.57,33.7,33.31,33.46,1373373
WGB,20190218,1.905,1.915,1.905,1.905,177419
WGF,20190218,0.97,0.98,0.97,0.975,103265
WGN,20190218,3.15,3.15,3.01,3.07,99488
WGX,20190218,1.15,1.19,1.135,1.165,608628
WHA,20190218,0.905,0.93,0.905,0.92,297820
WHC,20190218,4.6,4.695,4.54,4.55,9257864
WHF,20190218,4.4,4.41,4.39,4.39,15780
WHK,20190218,0.063,0.068,0.063,0.067,575261
WIC,20190218,1.08,1.08,1.08,1.08,47457
WKT,20190218,0.1,0.1,0.1,0.1,40000
WLD,20190218,0.061,0.061,0.061,0.061,10000
WLE,20190218,1.13,1.135,1.125,1.13,614478
WLL,20190218,5.15,5.15,5,5,4541
WMC,20190218,0.018,0.018,0.018,0.018,78618
WMI,20190218,1.26,1.27,1.24,1.26,120768
WMK,20190218,0.84,0.84,0.835,0.835,373311
WND,20190218,0.87,0.925,0.86,0.905,561012
WOR,20190218,15.28,15.51,15.28,15.34,1009988
WOW,20190218,30.26,30.43,30.16,30.24,1069427
WPL,20190218,36.61,37.1,36.51,36.89,3380233
WPP,20190218,0.565,0.565,0.53,0.535,114887
WQG,20190218,1.065,1.07,1.065,1.07,86507
WRM,20190218,0.006,0.006,0.006,0.006,794150
WSA,20190218,2.43,2.56,2.43,2.51,2155014
WSI,20190218,0.023,0.023,0.023,0.023,559860
WTC,20190218,22.74,23.14,22.57,22.64,507899
WWI,20190218,0.009,0.009,0.008,0.008,1403721
WZR,20190218,0.063,0.066,0.059,0.06,2575817
XAM,20190218,0.105,0.11,0.098,0.105,2292305
XF1,20190218,0.49,0.49,0.49,0.49,2150
XIP,20190218,1.58,1.6,1.58,1.6,28954
XRO,20190218,48.99,49,48.07,48.67,298546
XST,20190218,0.003,0.003,0.003,0.003,6249167
XTD,20190218,0.03,0.03,0.023,0.023,2519103
XTE,20190218,0.4,0.4,0.385,0.385,108141
YAL,20190218,3.14,3.14,3.14,3.14,24
YOJ,20190218,0.088,0.088,0.081,0.081,669311
YOW,20190218,0.07,0.07,0.069,0.069,43200
YPB,20190218,0.013,0.013,0.012,0.012,660367
YRL,20190218,0.22,0.22,0.22,0.22,19950
Z1P,20190218,1.375,1.44,1.375,1.43,1458852
ZEL,20190218,5.83,5.84,5.81,5.83,2536
ZEN,20190218,0.7,0.7,0.69,0.695,386522
ZIP,20190218,0.015,0.015,0.015,0.015,332003
ZLD,20190218,0.059,0.06,0.057,0.059,500129
ZMI,20190218,0.005,0.005,0.005,0.005,622000
ZNC,20190218,0.07,0.075,0.07,0.075,18000
XAF,20190218,5917.7,5966.9,5917.7,5943.7,0
XAO,20190218,6148.6,6196.9,6148.6,6170.7,0
XAT,20190218,6013.2,6062.4,6013.2,6037,0
XDJ,20190218,2263.2,2281.1,2260.7,2262.9,0
XEC,20190218,1280.3,1295.4,1280.3,1284.4,0
XEJ,20190218,11388.4,11615.3,11388.4,11566.9,0
XFJ,20190218,5779.8,5824.7,5769.2,5780.7,0
XFL,20190218,5964,6014.8,5964,5991.4,0
XGD,20190218,5969.6,6084.9,5969.6,6031.2,0
XHJ,20190218,29307.6,29699.8,29307.6,29533.9,0
XIJ,20190218,1236.4,1247.2,1235,1238.5,0
XJO,20190218,6066.1,6115.7,6066.1,6089.8,0
XJR,20190218,4642.7,4724.7,4642.7,4705.3,0
XKO,20190218,6013.4,6062,6013.4,6037.1,0
XMD,20190218,6547.2,6595.4,6547.2,6559.2,0
XMJ,20190218,12694.7,12887.4,12694.7,12821.1,0
XMM,20190218,4163.6,4237.9,4163.6,4216.5,0
XNJ,20190218,6105.9,6109.2,6044.9,6061.2,0
XPJ,20190218,1500.7,1512.5,1494.8,1509.1,0
XSJ,20190218,10803.3,10915.2,10803.3,10830.4,0
XSO,20190218,2726.2,2744.4,2725.7,2731.2,0
XTJ,20190218,1133.4,1145.2,1133,1144.7,0
XTL,20190218,3365,3394.6,3365,3382.3,0
XTO,20190218,4989.2,5030.6,4989.2,5010.2,0
XUJ,20190218,7947.9,8014,7947.9,7970,0
XXJ,20190218,6446.4,6496.5,6434.6,6447.4,0
